0.519539981
0.430642998
0.540676395
0.663224180
0.417218528
0.417220826
0.671089794
0.557440862
0.384273586
0.525958406
0.385121523
0.384797835
0.483874718
0.182140766
0.208511503
0.371279746
0.308203643
0.493994627
0.322876629
0.252277482
0.655190828
0.418391318
0.459453949
0.250535254
0.373786419
0.465529163
0.288860899
0.502597723
0.365910583
0.409162875
0.365761074
0.700000000
0.448110389
0.301920470
0.565156288
0.279081889
0.479240903
0.175646183
0.264053953
0.477560573
0.553385321
0.473991559
0.433809240
0.407845483
0.243006921
0.349221811
0.385510572
0.597997112
0.498106561
0.203174378
0.495371756
0.396088481
0.355230920
0.535634680
0.594339933
0.580379217
0.332509547
0.406710267
0.496376880
0.586576318
0.382915607
0.424007743
0.295113104
0.282531073
0.563753615
0.639873604
0.439918583
0.590494606
0.500629044
0.359683234
0.500595385
0.665325119
0.444984355
0.669050112
0.120000000
0.565066351
0.462186590
0.408138971
0.462846509
0.171740352
0.419245936
0.499995760
0.656905166
0.377442169
0.336810896
0.379754014
0.578156296
0.496025155
0.375833571
0.521857441
0.463590857
0.585610299
0.351712567
0.404127299
0.395104859
0.245107907
0.491456839
0.486547738
0.450715884
0.417157801
0.251848096
0.391109655
0.402019968
0.337681182
0.427420000
0.506567120
0.700000000
0.474440894
0.486057055
0.439577572
0.181372030
0.446288057
0.458432229
0.700000000
0.423069465
0.492216628
0.445140352
0.286385075
0.609995194
0.555270625
0.560744473
0.322685756
0.646391204
0.253740851
0.532159993
0.700000000
0.311324914
0.370718318
0.463951191
0.379513408
0.232907120
0.459598816
0.301277480
0.516302940
0.321280607
0.666990817
0.340344539
0.404911388
0.563892410
0.277678996
0.481844391
0.632999986
0.224952347
0.475848740
0.486383591
0.559455202
0.276826900
0.265136074
0.523071819
0.491577854
0.485068999
0.498502749
0.354796539
0.482515518
0.491030146
0.349990801
0.700000000
0.516336609
0.283217510
0.541917505
0.313544566
0.560191845
0.612203381
0.335104475
0.584872658
0.507789330
0.565088422
0.700000000
0.415645664
0.344476937
0.325467980
0.335786560
0.439205761
0.497761276
0.488736712
0.565805655
0.451820265
0.653494771
0.412948043
0.700000000
0.537593429
0.329997942
0.300075050
0.517546138
0.418715210
0.549960069
0.516253267
0.439803952
0.331448879
0.237921389
0.387487907
0.569895831
0.479973124
0.275596571
0.474245330
0.503944433
0.326259959
0.471521515
0.458149221
0.289984158
