0.563524427
0.626089573
0.537577081
0.657441449
0.703309180
0.467390036
0.679874695
0.669925331
0.486316212
0.776192500
0.220589616
0.379981987
0.664169455
0.850443990
0.512375288
0.536455828
0.326516987
0.677018618
0.540826113
0.675292381
0.563654087
0.568108251
0.485206243
0.494923002
0.628845661
0.551574225
0.380859616
0.349549942
0.281884268
0.316893925
0.413693612
0.631975908
0.272001287
0.329669994
0.442758336
0.297802251
0.327615560
0.395979969
0.316934443
0.717793489
0.286124874
0.457617640
0.117443440
0.503887583
0.711847559
0.098270614
0.471220743
0.678493802
0.637216209
0.193177427
0.362724772
0.443400052
0.203547261
0.340916736
0.433854105
0.492147729
0.382142032
0.278090342
0.139805390
0.533355586
0.532749461
0.670221027
0.175130197
0.359365853
0.588934987
0.645169367
0.811217014
0.114498594
0.666322982
0.575903780
0.780832803
0.216362650
0.278641703
0.491763459
0.339865492
0.764285200
0.630956363
0.518404714
0.783760620
0.439223073
0.582303597
0.358425181
0.502712296
0.623088519
0.351623849
0.458090870
0.573555350
0.306030554
0.629667368
0.583596239
0.441321891
0.526246680
0.859834864
0.277989219
0.467812370
0.903038484
0.342726974
0.406075558
0.696148046
0.587454337
0.561722333
0.244656575
0.685617294
0.836987092
0.466725736
0.689353872
0.405651848
0.414275626
0.239417279
0.564883613
0.763899136
0.486952622
0.682929331
0.420783822
0.642298188
0.544285035
0.166071097
0.325569067
0.423336519
0.467497093
0.584502389
0.213664201
0.227881440
0.463853129
0.714447097
0.585148067
0.303941762
0.167413257
0.386378782
0.535267258
0.747258096
0.213625654
0.706343524
0.436694743
0.760407799
0.615951981
0.621958784
0.729578488
0.391359543
0.815316568
0.480551102
0.669906191
0.770236341
0.141710813
0.691028178
0.732935067
0.671667794
0.262884605
0.322453089
0.436446136
0.518201189
0.401868798
0.743392912
0.050392664
0.428901874
0.283469760
0.817365126
0.580675215
0.515570189
0.304521810
0.593356070
0.246535842
0.541170198
0.781490194
0.783745880
0.336005396
0.758590713
0.134964123
0.437886681
0.346182111
0.095943191
0.648089698
0.731499902
0.703798745
0.609111806
0.564240698
0.839978973
0.392525053
0.593704760
0.338266782
0.703578370
0.687427869
0.543042854
0.604495895
0.460640621
0.569286464
0.161594332
0.590925664
0.836295368
0.432723957
0.552476068
0.432994855
0.343390051
0.680058154
0.419325039
0.681015723
0.518171325
0.202009433
0.309088217
0.549873566
