0.524695570
0.477693302
0.558588876
0.632851014
0.382402755
0.471107644
0.638766537
0.511434144
0.418927918
0.481037161
0.416806895
0.368191625
0.455200578
0.266853803
0.295705796
0.399095731
0.336498516
0.430124313
0.349431945
0.315045238
0.595973993
0.425729040
0.452450025
0.292358785
0.394736749
0.454829507
0.365227913
0.434287821
0.373286873
0.397615751
0.392298571
0.639428620
0.489137619
0.387718904
0.517040129
0.321823918
0.476838288
0.224289293
0.326250016
0.464682746
0.500848120
0.461004462
0.412915066
0.444300283
0.342294172
0.380536842
0.404414848
0.564808703
0.515635771
0.293898259
0.481137478
0.415881109
0.395239350
0.485783824
0.588570156
0.591155210
0.391007963
0.386392853
0.435532649
0.570150205
0.380681969
0.437684141
0.372213546
0.307974425
0.525876345
0.599323277
0.410001196
0.536424549
0.488593220
0.374751054
0.503156732
0.680643330
0.448716724
0.593244785
0.237956009
0.496579301
0.424417238
0.403726642
0.452562714
0.225828446
0.426146644
0.494365368
0.631902863
0.397861334
0.351059516
0.422681645
0.525674335
0.443703798
0.424524079
0.532439412
0.440385683
0.541730253
0.353361237
0.423761080
0.452129876
0.313902975
0.506985745
0.497904012
0.450533934
0.452451862
0.320011836
0.441818384
0.402526252
0.322308096
0.459196276
0.501169578
0.630098847
0.462326850
0.540909949
0.426128313
0.227196440
0.449348149
0.485836444
0.694460050
0.446236223
0.449902252
0.495626871
0.326802089
0.549053660
0.501968157
0.553966572
0.360485052
0.605920287
0.334968216
0.491566130
0.671653866
0.333014753
0.444638923
0.475431869
0.374129093
0.236544888
0.477422230
0.329103603
0.495838063
0.372615356
0.638003458
0.398351163
0.386812508
0.571066677
0.306283113
0.417477045
0.557788981
0.286664888
0.444916199
0.475086582
0.540547714
0.315585540
0.298993197
0.473536463
0.481731986
0.424677815
0.469227111
0.355402802
0.468402217
0.475439365
0.398992018
0.677086932
0.471807986
0.374733948
0.499455739
0.351971594
0.545415458
0.632767105
0.350271298
0.506236043
0.530601484
0.515481978
0.628460285
0.396290506
0.361890108
0.335591196
0.381250965
0.443924111
0.468794578
0.503949333
0.543229160
0.405213992
0.625613661
0.426832730
0.672268312
0.518793007
0.340205723
0.332448904
0.520757587
0.407267981
0.513962632
0.494147736
0.413618674
0.342178574
0.295254796
0.433177874
0.547850548
0.471333312
0.298415659
0.495563008
0.501295962
0.339526725
0.488607348
0.470101342
0.309649860
