0.503156428
0.401909662
0.511280517
0.342196330
0.296315996
0.568603531
0.036617513
0.381327708
0.537867869
0.802612958
0.462219043
0.821548864
0.318949295
0.654431258
0.471907726
0.272105798
0.345851313
0.668515599
0.654697118
0.675831419
0.462343650
0.390393968
0.593628140
0.186812246
0.464488610
0.456682892
0.479882124
0.598045949
0.274454982
0.828859687
0.711237552
0.578931979
0.180546033
0.730495499
0.354715934
0.899666564
0.363929588
0.330769733
0.488902181
0.302473988
0.543739210
0.481304138
0.516244147
0.479673088
0.619463431
0.459583877
0.774757021
0.423284241
0.713369048
0.790723528
0.334977454
0.202921834
0.807711688
0.440171338
0.524906341
0.337669016
0.375645818
0.820553800
0.766520857
0.542314488
0.453459697
0.633272202
0.381562731
0.565508735
0.301172289
0.270051406
0.563785675
0.531074770
0.506659983
0.396216094
0.608584975
0.406980715
0.139234493
0.460042926
0.312380391
0.657250080
0.800828548
0.865341619
0.495803483
0.340418820
0.517423063
0.536468459
0.580902784
0.713031525
0.398844482
0.607006039
0.312402847
0.468673072
0.912122146
0.334968831
0.663912384
0.435245210
0.673242904
0.686196459
0.343935186
0.612454120
0.211008100
0.253600421
0.563641498
0.765089329
0.588178362
0.351427497
0.111744056
0.616663414
0.475014869
0.506650147
0.576615153
0.688294969
0.479727072
0.819368895
0.365314372
0.196183248
0.761468847
0.228734321
0.509020864
0.785442048
0.166466717
0.640346385
0.185288192
0.530278622
0.048384528
0.272689897
0.335786193
0.161593926
0.648721838
0.565432017
0.761401529
0.261690244
0.445192390
0.200428383
0.374481807
0.792436468
0.644040662
0.220550487
0.094092279
0.089087546
0.676955279
0.326621416
0.918460454
0.596932780
0.331816208
0.233784220
0.700455304
0.352509820
0.671060584
0.495574732
0.536806776
0.704963710
0.218238424
0.641755105
0.458505129
0.675835530
0.685736643
0.293580921
0.602226447
0.273810366
0.445001711
0.524742958
0.646116193
0.663527669
0.241543999
0.620381219
0.496057939
0.857069932
0.360056508
0.399604254
0.907150816
0.733030927
0.214576114
0.416978874
0.606928898
0.709320899
0.346144796
0.782859657
0.204470347
0.254558736
0.758778834
0.486727727
0.531837250
0.714993624
0.342581433
0.208936678
0.609026562
0.701658749
0.502626168
0.494120344
0.258886205
0.397573485
0.878912019
0.413379784
0.445230204
0.492456175
0.380642397
0.764831637
0.681363237
0.385999787
0.473011455
0.459287565
0.498429393
0.397150788
