0.528298339
0.413102068
0.507338245
0.561816629
0.407963676
0.413065815
0.594627415
0.494502674
0.456001633
0.457743279
0.397820884
0.387325582
0.526533072
0.285548462
0.336158320
0.336243933
0.367837241
0.510224588
0.369561235
0.365099865
0.554516581
0.483746971
0.545821141
0.305869681
0.380153491
0.515236121
0.409070953
0.458156162
0.376222064
0.409103978
0.338510341
0.566410866
0.404241016
0.321760535
0.517436786
0.348154130
0.527827139
0.232824086
0.369215912
0.454953815
0.509419579
0.488879836
0.390405035
0.435306731
0.322668965
0.402852507
0.417440824
0.639468896
0.450651116
0.269188282
0.449522387
0.389727824
0.360653823
0.548642821
0.595048681
0.505209532
0.338404143
0.438214082
0.453041957
0.558103405
0.412295799
0.368234093
0.411704717
0.413886797
0.493024278
0.550140917
0.451583429
0.548423993
0.504999049
0.471215762
0.470973340
0.549464127
0.387001851
0.554552718
0.237051732
0.591830306
0.432910772
0.429035721
0.453724889
0.319364028
0.529771089
0.456190970
0.556730069
0.443085914
0.402743848
0.477206017
0.550804344
0.460672660
0.423614802
0.536694423
0.488255865
0.552380541
0.427792577
0.464990529
0.467969932
0.343620474
0.465616103
0.475296322
0.495855922
0.392360133
0.336469304
0.393190193
0.417242494
0.427572136
0.439852332
0.483827253
0.548453855
0.492070283
0.495287151
0.527778337
0.264537805
0.452880895
0.461762220
0.668002348
0.425455235
0.484252652
0.467979810
0.350817588
0.528927124
0.520519956
0.559765830
0.324312854
0.575438324
0.294161819
0.546699193
0.541806293
0.336186577
0.411705064
0.518806078
0.399217412
0.286934865
0.528910347
0.293670647
0.398579450
0.383115371
0.562570608
0.335652884
0.446724282
0.527974908
0.314779767
0.414253577
0.597099004
0.330983167
0.458548249
0.544379788
0.471704327
0.275112073
0.301675068
0.490479895
0.482397964
0.458575162
0.491185387
0.335384165
0.525545995
0.468805439
0.428768145
0.617748922
0.506681920
0.364416560
0.522429767
0.386491893
0.569817370
0.556486542
0.402772272
0.527617532
0.541320048
0.491276539
0.677098276
0.423022340
0.321587924
0.373058677
0.346626730
0.473713822
0.449827808
0.452544463
0.442353255
0.429037900
0.475849817
0.358492422
0.634748877
0.533465927
0.388014826
0.312491353
0.486912215
0.426443959
0.462129401
0.549227869
0.475585135
0.362619552
0.313784728
0.415398562
0.438735765
0.455122949
0.308669081
0.420808623
0.468844211
0.441509616
0.485940859
0.428187024
0.368794139
