0.463116905
0.800000000
0.800000000
0.427054529
0.621360367
0.722698231
0.395596258
0.800000000
0.459602270
0.724448057
0.415410313
0.695039925
0.713931718
0.706912566
0.437755485
0.513554260
0.627957134
0.569286036
0.429783797
0.800000000
0.398236136
0.800000000
0.383571618
0.596519370
0.676422461
0.458741021
0.572589787
0.760002975
0.596808116
0.800000000
0.404000043
0.429191259
0.457442657
0.522065264
0.613534286
0.800000000
0.503955117
0.407629125
0.572876287
0.545384552
0.800000000
0.597315059
0.465870008
0.422639879
0.680700423
0.591345277
0.659510901
0.402692193
0.629402868
0.800000000
0.388933348
0.393151993
0.560631483
0.800000000
0.800000000
0.428153561
0.800000000
0.800000000
0.753509737
0.619688720
0.624442065
0.519717968
0.453120747
0.504175274
0.507595524
0.496025968
0.404566169
0.800000000
0.574990117
0.454931156
0.351134028
0.755867610
0.464200674
0.560739561
0.437953110
0.719505779
0.658183884
0.407286630
0.795413779
0.774092832
0.606082515
0.464765960
0.795981647
0.638907798
0.552023260
0.424170696
0.607114893
0.800000000
0.622768191
0.352809720
0.554974582
0.570721114
0.610031941
0.490765519
0.526539854
0.412293936
0.663543634
0.451440053
0.367242057
0.786097841
0.800000000
0.608573168
0.800000000
0.800000000
0.643122113
0.419617064
0.566826079
0.469867267
0.727897331
0.507055305
0.378173999
0.618545865
0.747224024
0.419437392
0.370584722
0.563696685
0.800000000
0.800000000
0.674627097
0.736804620
0.558444427
0.564523472
0.794067411
0.790257498
0.640730558
0.517461883
0.730002276
0.608563876
0.800000000
0.436287563
0.454782590
0.547664570
0.435523665
0.364722299
0.800000000
0.655725315
0.561291376
0.405983725
0.800000000
0.471874985
0.553256549
0.536310320
0.685189399
0.410038257
0.800000000
0.583369371
0.800000000
0.579425715
0.750379654
0.394382890
0.800000000
0.800000000
0.403575435
0.635300569
0.579732688
0.367711844
0.562433443
0.521763790
0.504897986
0.798149862
0.551754230
0.800000000
0.516917739
0.708976254
0.410589367
0.545883218
0.409679774
0.635423511
0.738085439
0.550700785
0.357198981
0.545516070
0.660154239
0.385488866
0.654768061
0.358816864
0.501753781
0.636656481
0.512213464
0.743987694
0.418540609
0.623770180
0.560642122
0.728303202
0.721026738
0.662513307
0.769642759
0.397168723
0.415424566
0.462653462
0.800000000
0.688854073
0.409282106
0.625558874
0.662940115
0.521528887
0.372703056
0.471361855
0.800000000
0.800000000
