0.379131598 0.012293458 0.011061776 0.161805110
0.244321595 0.385203709 0.341647688 0.222951353
0.136813333 0.498562250 0.213090651 0.225693512
0.081811911 0.397404774 0.346841113 0.110384806
0.041190523 0.340249651 0.327255607 0.136629763
0.475431781 0.075528946 0.216167401 0.471807960
0.209863658 0.319262974 0.198797199 0.137107601
0.491988824 0.204667003 0.447049602 0.114977303
0.106552352 0.015567041 0.325833413 0.184263172
0.432179125 0.236604953 0.484096714 0.092762758
0.434311584 0.388298426 0.385460922 0.422391614
0.380511995 0.313110161 0.065622439 0.016263090
0.460423924 0.308325157 0.398268645 0.240761176
0.058654094 0.062592896 0.342782644 0.215152947
0.100262363 0.245797273 0.032104469 0.290985701
0.134496702 0.398779550 0.155180979 0.227610075
0.005810270 0.036223444 0.196246778 0.239969417
0.300010274 0.145831289 0.347490943 0.430061199
0.389925494 0.019809413 0.240253474 0.052465089
0.121022508 0.493331297 0.071247771 0.249444077
0.309077867 0.351232485 0.279824342 0.004885424
0.163230654 0.258855822 0.043933250 0.175313466
0.016601554 0.039289249 0.198461638 0.066357877
0.283770424 0.344732485 0.400293350 0.100075122
0.083741291 0.052283920 0.318215125 0.353237863
0.015793072 0.468106123 0.025985642 0.270648168
0.354530260 0.435484562 0.357043466 0.400864042
0.169725096 0.407412557 0.040057423 0.447408328
0.273796188 0.408648885 0.226159142 0.321788848
0.263201330 0.365794761 0.040814991 0.030176042
0.123551617 0.079772340 0.435891783 0.109606994
0.487932628 0.168447896 0.091058958 0.394849254
0.329353888 0.249097858 0.277681775 0.359600889
0.114227371 0.498166958 0.487396581 0.325162843
0.099771225 0.340114121 0.036099204 0.015326251
0.128841444 0.231311478 0.434136253 0.363584535
0.371353261 0.212746667 0.172967496 0.185519381
0.493824782 0.020054596 0.433515748 0.289337704
0.219307710 0.362628830 0.243334471 0.436711619
0.450350932 0.210860463 0.138413899 0.296175164
0.456181673 0.105331095 0.311483292 0.315780110
0.366556511 0.065783843 0.357912482 0.454516260
0.089841554 0.118771662 0.485697547 0.090488476
0.427192547 0.246138928 0.123615537 0.435374951
0.222652628 0.257408677 0.179616685 0.296475426
0.081761936 0.195540768 0.484706161 0.129066716
0.328368332 0.162595032 0.386736563 0.065436830
0.484910523 0.226894771 0.118025232 0.036748374
0.084878953 0.259886974 0.168501588 0.414441683
0.215443762 0.124357136 0.308572493 0.353388608
0.083520954 0.083809608 0.018335713 0.368201008
0.331902264 0.237315438 0.422085224 0.402835076
0.292677182 0.434135640 0.102920605 0.055959810
0.134874806 0.028543428 0.265584764 0.468302846
0.019671770 0.061054957 0.226099514 0.466937509
0.158078052 0.253617404 0.020786430 0.074171600
0.493315061 0.482559348 0.002469990 0.475905893
0.319559969 0.433959147 0.227369928 0.257798014
0.244423290 0.333432129 0.069825627 0.014986795
0.153964971 0.352340381 0.100926726 0.336716217
0.484956023 0.046950358 0.336301059 0.221875110
0.434071127 0.088574895 0.346312976 0.419057645
0.472307110 0.341624014 0.248587382 0.308923620
0.434452492 0.285304873 0.015193530 0.465474348
0.344763376 0.338256693 0.107837576 0.329442735
0.196932203 0.325616489 0.053296515 0.328922652
0.499706863 0.024106019 0.488587092 0.203453980
0.435376725 0.391192742 0.283508130 0.369224605
0.439257781 0.202070161 0.163516581 0.333796693
0.403922971 0.381142567 0.398906824 0.217791657
0.408917108 0.060104528 0.272244549 0.002879330
0.162292915 0.183230767 0.198086346 0.347733603
0.194279051 0.224346811 0.118772065 0.186625896
0.113634814 0.036597962 0.301724297 0.334106399
0.309745173 0.231747022 0.189892890 0.431666825
0.259540893 0.239590939 0.012821033 0.170623914
0.190097809 0.199411390 0.290086185 0.266801273
0.303952546 0.382441631 0.406492869 0.359061538
0.477761848 0.009116291 0.097888993 0.003781437
0.323737357 0.449015274 0.121741148 0.463517272
0.030133695 0.467218013 0.175811344 0.050710414
0.242935880 0.128388284 0.142436451 0.153644982
0.401512949 0.269580638 0.155653850 0.305166892
0.358075337 0.136312000 0.206774551 0.060943047
0.090574675 0.340558927 0.090719174 0.262581692
0.354523131 0.053438462 0.283656110 0.128281392
0.481463438 0.241772823 0.402996275 0.275113271
0.021706266 0.316575688 0.475701671 0.300805910
0.409594430 0.442103232 0.114039886 0.106022420
0.305490494 0.205514235 0.419930651 0.450011562
0.176710690 0.118435279 0.390262758 0.137403018
0.411307159 0.211869127 0.333774950 0.047767657
0.311929662 0.225883839 0.293304232 0.084007104
0.368436872 0.431398539 0.108369900 0.047857278
0.011819293 0.320985750 0.303547018 0.273348706
0.115973548 0.195452998 0.297238168 0.248383429
0.493892760 0.068219876 0.347572277 0.202159384
0.214099807 0.358798883 0.346218076 0.495627997
0.064197145 0.052054825 0.362169409 0.289193459
0.137080333 0.039709684 0.042829125 0.447095437
0.095933662 0.161685781 0.113328201 0.177498153
0.034711921 0.259529895 0.033806282 0.400178254
0.116856041 0.270005957 0.440039544 0.325438685
0.266478893 0.162166877 0.166500957 0.334743478
0.497069681 0.330919595 0.278891709 0.365325255
0.232602806 0.030071171 0.281148408 0.478812642
0.087651471 0.345002445 0.100466844 0.267913842
0.048338225 0.225185468 0.378081664 0.173785762
0.332455862 0.397724980 0.463588910 0.117321041
0.199657958 0.076208007 0.496241751 0.463500484
0.269978565 0.421016647 0.260478989 0.311792844
0.044562216 0.377635210 0.063856742 0.413033815
0.391014044 0.354372349 0.018080190 0.151564178
0.131556285 0.180068204 0.043821373 0.468478912
0.276901120 0.152762155 0.198490759 0.223601270
0.300297167 0.257839714 0.459695987 0.248481741
0.496079007 0.425712479 0.104255257 0.465297607
0.058183199 0.408724854 0.190311647 0.438987160
0.434028345 0.402962700 0.395015218 0.152339570
0.040459642 0.201490089 0.086762257 0.347475544
0.173049863 0.487805100 0.320486039 0.411240282
0.066262336 0.431007241 0.461378595 0.243530959
0.303126469 0.382404900 0.087419314 0.251283038
0.199331514 0.073186996 0.183767211 0.034086155
0.012905953 0.067583145 0.481557556 0.274764768
0.482911081 0.216248939 0.155908067 0.253070931
0.219755844 0.052832342 0.320413157 0.108019091
0.309793977 0.325100546 0.076012427 0.030674814
0.390380793 0.229900212 0.029081898 0.497433159
0.028890280 0.347517614 0.491839463 0.119590052
0.071124684 0.060692470 0.151637574 0.050522906
0.346080671 0.031145899 0.254711064 0.498348427
0.406985135 0.307609719 0.153126810 0.311947918
0.263520732 0.213041692 0.065355188 0.443302108
0.224892324 0.097311256 0.183879675 0.207064876
0.413768948 0.366807190 0.384652447 0.005515632
0.208076999 0.240672076 0.009596138 0.129906604
0.380144912 0.068554853 0.267655066 0.107600936
0.006060387 0.120600729 0.487936877 0.400768556
0.479788322 0.243927022 0.054868099 0.273979744
0.227188667 0.422178541 0.049041290 0.244120569
0.075024332 0.162337963 0.368678539 0.238009065
0.187944143 0.197238139 0.229723384 0.392508272
0.446042344 0.477667343 0.393451693 0.157703448
0.344067353 0.218801562 0.127335311 0.420435790
0.019213174 0.450880996 0.230738732 0.318600738
0.329676961 0.447558870 0.318334841 0.306966792
0.033326020 0.259204011 0.075084500 0.368716884
0.256110960 0.340113890 0.020836450 0.042396008
0.358161694 0.036042168 0.035628364 0.006054238
0.478250699 0.368754180 0.176625704 0.148267791
0.174851615 0.387326766 0.330685306 0.092597784
0.087054668 0.049197825 0.330151360 0.382186331
0.132523214 0.010472481 0.041085834 0.483930017
0.147722389 0.384611574 0.312331784 0.190969820
0.102843631 0.060693209 0.307506484 0.387316890
0.321952127 0.265151067 0.020975612 0.484244389
0.399357096 0.146411018 0.489985165 0.300940795
0.291211329 0.374036590 0.405884894 0.328239304
0.064047873 0.169133753 0.464041820 0.112307806
0.186083512 0.216038441 0.219702495 0.306469791
0.471537919 0.120346356 0.060750688 0.098735245
0.443462450 0.322905406 0.142953395 0.407973469
0.430684998 0.423257169 0.459463267 0.126120510
0.377520964 0.230269749 0.420999276 0.364245339
0.388223723 0.328080919 0.088714385 0.272513459
0.492334870 0.468694033 0.021586868 0.082407408
0.065864387 0.362989955 0.408892665 0.106755683
0.252926346 0.420351514 0.366400772 0.271118603
0.295173845 0.254180273 0.148774226 0.282510996
0.344442651 0.436661458 0.318145677 0.380560769
0.080035817 0.230778737 0.004665810 0.123339432
0.363230858 0.495904976 0.049589050 0.200747158
0.400035484 0.102017817 0.277542475 0.366535648
0.307992725 0.094012367 0.177692284 0.391895892
0.277113257 0.002614807 0.380495380 0.017655677
0.372866891 0.101240280 0.479036740 0.183970376
0.163465808 0.074444025 0.152802108 0.438325381
0.498167169 0.184154765 0.224305315 0.361035469
0.443097890 0.296522167 0.195762849 0.206310920
0.347809073 0.001609132 0.309794669 0.177746505
0.397098666 0.046495320 0.294101133 0.240486445
0.321162763 0.032426797 0.289991894 0.280742294
0.280330047 0.301743833 0.338233969 0.402494500
0.134910360 0.412524705 0.249127841 0.038529140
0.029275465 0.167119159 0.392448489 0.353840467
0.394307482 0.258634528 0.220099499 0.073726263
0.164096377 0.217009683 0.044300215 0.110305976
0.299112647 0.367831557 0.499173756 0.466556666
0.321282600 0.210624027 0.318088682 0.392825809
0.059168095 0.204952445 0.419901143 0.191916476
0.285936136 0.293884680 0.092238127 0.181117721
0.167255644 0.013098354 0.012095882 0.415848522
0.136535405 0.259039383 0.149362787 0.470339623
0.129648379 0.214828406 0.436365125 0.420966783
0.093050709 0.401321655 0.229093443 0.241484436
0.066739986 0.040300757 0.363969653 0.248230576
0.218425351 0.364754114 0.382756449 0.079454084
0.305112575 0.067677041 0.375687543 0.328477578
0.478307311 0.034479008 0.028527361 0.141093537
