0.529648580
0.426528282
0.549007551
0.658245309
0.439561021
0.465903402
0.626365426
0.524697722
0.373087376
0.548214691
0.417578231
0.404533700
0.491816704
0.219096625
0.305002968
0.396775373
0.344696094
0.508139393
0.363417002
0.300897448
0.613027938
0.441567311
0.500628679
0.319656469
0.425182223
0.462532031
0.309053051
0.499865968
0.391049727
0.445209005
0.359459718
0.691531906
0.454606376
0.329890926
0.535210277
0.289059729
0.497794611
0.235349593
0.283304945
0.458288252
0.537731839
0.508715466
0.441050933
0.397376723
0.284842300
0.371452861
0.357574710
0.579380324
0.494290558
0.269134705
0.529486049
0.435070725
0.376449358
0.509302972
0.623679222
0.566976889
0.362908556
0.423068168
0.500594568
0.568394093
0.393664881
0.427842889
0.331403186
0.311893834
0.539446740
0.616612099
0.446143648
0.601277450
0.452798359
0.404587376
0.522917749
0.598245574
0.448718794
0.631935156
0.163064789
0.539353707
0.449002638
0.456214824
0.486376348
0.253715080
0.446771764
0.479673591
0.619220872
0.408311321
0.344186634
0.414232263
0.559762306
0.489993853
0.410980808
0.525919841
0.463647112
0.591068381
0.358945165
0.432471226
0.424661807
0.285416648
0.498865002
0.466449101
0.476219511
0.428741159
0.287106424
0.429592083
0.406978187
0.341546266
0.412465075
0.516293217
0.640952272
0.510627828
0.451092056
0.480989823
0.242523379
0.454215371
0.456105885
0.671184450
0.436239537
0.513477069
0.457071187
0.327541193
0.583651039
0.544296891
0.555350899
0.323819289
0.595773449
0.311446252
0.529446772
0.660688300
0.345618241
0.400245491
0.460724302
0.387191510
0.284509053
0.449260320
0.344396083
0.482721906
0.371974899
0.645439224
0.373691057
0.439715776
0.582370317
0.335955438
0.451976664
0.586027603
0.263214190
0.480665606
0.498152407
0.535689877
0.320359860
0.293814688
0.507911571
0.467773941
0.471138381
0.474441932
0.363367443
0.504628277
0.475555540
0.424375334
0.672879722
0.516723070
0.306787918
0.546977932
0.336745063
0.551553489
0.638088294
0.363056592
0.590282500
0.493730075
0.552742714
0.695874411
0.419544037
0.405095162
0.369623278
0.355220577
0.461532063
0.515670227
0.501956683
0.525696592
0.447404148
0.621410377
0.427277594
0.675172098
0.534025230
0.336562114
0.342905103
0.525378377
0.443422700
0.560421310
0.528338278
0.458904482
0.360525098
0.255198242
0.415473211
0.561052960
0.488466381
0.293007714
0.459422153
0.522191187
0.356821174
0.488914655
0.466192092
0.328322620
