0.411191461
0.405615798
0.500657535
0.576189576
0.404727974
0.456229292
0.527408096
0.503630302
0.412338342
0.516268108
0.441230428
0.352895880
0.392687351
0.346612947
0.317057975
0.362840494
0.435377481
0.477949158
0.426332242
0.330607376
0.668030397
0.511291151
0.439722090
0.372956558
0.431249897
0.521011812
0.303000213
0.510489104
0.446350725
0.337078230
0.338660236
0.498116855
0.431934705
0.391594310
0.587206911
0.347005683
0.541718088
0.215142840
0.252670015
0.459870054
0.526466334
0.458825588
0.337048323
0.416429528
0.259189617
0.417677369
0.424903059
0.489684037
0.450198324
0.247062378
0.470214457
0.459499920
0.341823702
0.521575041
0.507151594
0.486169634
0.370368271
0.370334529
0.447250962
0.470447652
0.500056170
0.432097296
0.319481038
0.355789679
0.508860423
0.549317622
0.469431151
0.566657134
0.450913371
0.364170665
0.463154749
0.464702856
0.370261442
0.643040032
0.326958450
0.503086080
0.480986688
0.435823390
0.601494184
0.332783807
0.421407517
0.430131515
0.493033676
0.412231556
0.341781702
0.335584230
0.491858279
0.421700789
0.482482941
0.531433173
0.453771827
0.598403498
0.390741219
0.377134738
0.486172871
0.348932426
0.421086288
0.458792386
0.404399854
0.359920294
0.371565380
0.502317792
0.350080737
0.405631233
0.401221157
0.456558254
0.567565092
0.419192979
0.469963271
0.399860937
0.297805146
0.441361405
0.439589831
0.552436944
0.402156655
0.507588756
0.467128236
0.300908393
0.546765067
0.545228957
0.432315230
0.395692743
0.532028782
0.355633247
0.458659556
0.509365659
0.284672912
0.400739068
0.466837395
0.360300847
0.346396710
0.372006327
0.353594658
0.427652987
0.337480231
0.578469626
0.338906882
0.400488167
0.562637501
0.314916588
0.505219856
0.501574062
0.336402009
0.530704538
0.349191219
0.473422149
0.369795602
0.325335466
0.507658093
0.441955424
0.471197709
0.467629142
0.444931462
0.477721511
0.486823016
0.366224387
0.572594901
0.465039172
0.364864209
0.480943248
0.378035933
0.611734345
0.585136014
0.361413556
0.584581863
0.461085980
0.417223076
0.547611857
0.335589386
0.365813515
0.372164870
0.457940927
0.455215970
0.464139941
0.509053495
0.409348898
0.458401658
0.605098392
0.352796686
0.650900194
0.514803885
0.354064945
0.386418560
0.595520940
0.435958706
0.517890630
0.463702637
0.399089842
0.414725447
0.277660809
0.411927923
0.495009941
0.486974906
0.357373724
0.510349115
0.453885873
0.358801978
0.411932251
0.429563456
0.368100919
