0.167041908 0.167619216 0.566172404 0.564010156 0.663804528
0.474630876 0.844170449 0.669775606 0.609842887 0.868271281
0.205841210 0.111919619 0.919644396 0.612546909 0.531169528
0.936605692 0.039343541 0.782109914 0.452199028 0.933875018
0.316156105 0.507234809 0.763932974 0.737314849 0.986630123
0.965118696 0.004939981 0.951811785 0.709257371 0.867918295
0.454739856 0.515596029 0.874774699 0.666864258 0.139651255
0.029973590 0.307929942 0.999759812 0.721853452 0.673432433
0.969912046 0.093900716 0.730650534 0.518024767 0.868142254
0.177149789 0.692625952 0.797041202 0.448024030 0.683248028
0.497174764 0.617847240 0.881693448 0.544679308 0.030387060
0.930948696 0.689526751 0.854131486 0.615675152 0.658885470
0.393864406 0.651232977 0.941393430 0.434644094 0.999413726
0.048212039 0.977174184 0.941024914 0.472152376 0.782385484
0.567016261 0.738449209 0.760135600 0.735662317 0.327033162
0.667593386 0.807845942 0.634529284 0.797813649 0.435583315
0.817834216 0.120209055 0.936530508 0.005758660 0.324585830
0.366461535 0.396172692 0.728941411 0.781431573 0.448693623
0.237544131 0.373251792 0.939619074 0.775844082 0.603448593
0.668212799 0.619490346 0.853813028 0.713620984 0.863333650
0.519081785 0.479181878 0.573489383 0.764018004 0.380195619
0.398822781 0.580172369 0.564139820 0.607905093 0.764883262
0.812985739 0.718123076 0.703166836 0.767467065 0.195777986
0.007562875 0.647474714 0.841470927 0.838988096 0.927034545
0.060267390 0.934436027 0.645000612 0.985740135 0.485871759
0.256776568 0.284872902 0.939946592 0.768018215 0.539161277
0.311307699 0.610333783 0.812469933 0.272624001 0.413549102
0.121886093 0.181149350 0.835452883 0.181438348 0.525163384
0.709046262 0.106876923 0.944941159 0.824783171 0.962926875
0.483545647 0.805992550 0.550226542 0.916938482 0.633151376
0.951403342 0.601611820 0.819188859 0.744453378 0.228079772
0.212044840 0.610980989 0.758427723 0.839861303 0.900023123
0.353421379 0.236870559 0.587221958 0.674806036 0.822614319
0.423738254 0.667549899 0.859332864 0.615570283 0.451767679
0.586608463 0.168014208 0.670263683 0.951897897 0.216739800
0.095714556 0.023638586 0.974792037 0.718399287 0.546697413
0.231947096 0.390905996 0.594476335 0.614292377 0.987785520
0.136439753 0.695144554 0.404318768 0.830597266 0.717597766
0.692436151 0.991255994 0.865015423 0.979302991 0.724338817
0.578386917 0.274160667 0.812465872 0.992311672 0.894190875
0.191867325 0.323371562 0.971344519 0.624340915 0.069423843
0.519059791 0.067612564 0.850089997 0.661073513 0.540011915
0.880079088 0.650877369 0.797108651 0.624333753 0.333001913
0.669486955 0.994139361 0.988566315 0.984762588 0.730650510
0.465205612 0.060142343 0.562296816 0.957625285 0.175302942
0.690004891 0.200933689 0.719791148 0.742651134 0.450370936
0.756163329 0.347571524 0.612602132 0.952983427 0.927177819
0.234642082 0.399315916 0.804242961 0.862741301 0.927000968
0.539957130 0.842033294 0.520957977 0.911857955 0.089124432
0.755270420 0.127713484 0.826067630 0.864792931 0.708744698
0.036160381 0.303128356 0.263112570 0.360136407 0.087642747
0.936957823 0.553802241 0.608468466 0.850326364 0.447202541
0.600594333 0.515679428 0.594940070 0.638000719 0.992158015
0.851424958 0.208510514 0.943980052 0.844750126 0.817449708
0.380623293 0.877974320 0.968899317 0.605925400 0.790030436
0.304679139 0.080919283 0.602210207 0.173524515 0.694951089
0.346099727 0.975610201 0.891825143 0.822480564 0.132524673
0.862014482 0.922757191 0.730587711 0.954181500 0.764809801
0.174838627 0.502566076 0.698663028 0.146373992 0.367534422
0.068172309 0.025811907 0.856786890 0.578140744 0.549529536
0.965822161 0.432497878 0.809668299 0.899543858 0.439511689
0.105664684 0.640826315 0.973201828 0.955141484 0.650201092
0.152024853 0.061349627 0.908308268 0.560168075 0.058163796
0.994866317 0.057780561 0.695035229 0.766146530 0.239180104
0.142249369 0.121384939 0.303275148 0.860287166 0.692161342
0.062291798 0.509422128 0.595151130 0.757335613 0.615219438
0.306253621 0.623895836 0.587041464 0.517547189 0.130710377
0.886604215 0.449784649 0.976980680 0.828878783 0.414129753
0.827537896 0.733614381 0.769304894 0.515568590 0.416153998
0.481344152 0.019192277 0.974342718 0.526148910 0.137109706
0.535310131 0.215201872 0.582739937 0.829030863 0.975873755
0.801537112 0.959576644 0.659004048 0.563206684 0.547959489
0.454377335 0.844357083 0.655594049 0.553754865 0.150048665
0.324675927 0.737357077 0.786825307 0.554058726 0.394476279
0.459446768 0.785016544 0.892084689 0.955334687 0.786903386
0.315406896 0.688134706 0.962556261 0.801089418 0.840871579
0.038426349 0.901761992 0.876185425 0.780654023 0.659353922
0.895117741 0.636669682 0.561024302 0.729470498 0.518408022
0.150169001 0.737433769 0.836690877 0.680227779 0.041672901
0.084792016 0.716323388 0.803480019 0.692190678 0.012108475
0.956501398 0.737508359 0.569031287 0.844560244 0.349703230
0.774653531 0.661370611 0.896851278 0.941055433 0.098395650
0.660302720 0.764372662 0.615338431 0.735547708 0.082171667
0.967860035 0.295444777 0.729595085 0.634651379 0.381939640
0.205687262 0.121386418 0.760669364 0.986896028 0.643904254
0.530302133 0.041951223 0.859620000 0.737537577 0.292822037
0.979970329 0.601881590 0.754713500 0.647436357 0.811769788
0.656478607 0.128095746 0.708267506 0.663848971 0.224615612
0.372167024 0.432076883 0.596981858 0.737606943 0.943075838
0.240692712 0.121501376 0.929003836 0.886924900 0.645810813
0.285906789 0.815946939 0.675297734 0.708255756 0.918926534
0.252241020 0.755041929 0.889310366 0.797901529 0.728490677
0.776447446 0.656161838 0.920700141 0.738982412 0.984669740
0.937388066 0.043173736 0.680486554 0.751626769 0.725979910
0.817785330 0.213511366 0.968576934 0.562220370 0.732801545
0.542237205 0.590347690 0.740073035 0.297548451 0.565021993
0.688885302 0.873322916 0.953077027 0.768608323 0.160071635
0.461557474 0.009331620 0.569353128 0.726461715 0.991809951
0.099178100 0.401494316 0.878723362 0.663351731 0.555084949
0.733071296 0.615985450 0.798431214 0.546948249 0.783791784
0.554226514 0.005229614 0.648912407 0.934219556 0.745733783
0.202480560 0.958073480 0.938530345 0.667694190 0.148888050
0.305604215 0.876650762 0.606575921 0.703027182 0.448610631
0.722070938 0.886195780 0.835490865 0.391525698 0.412621841
0.695618146 0.003218264 0.874294815 0.971971663 0.794197331
0.092990640 0.588202267 0.834440423 0.963802306 0.064853594
0.579983787 0.561484588 0.560660094 0.824681169 0.676467937
0.804989000 0.269820720 0.681631791 0.999863176 0.077058279
0.058550929 0.334238319 0.784896977 0.570670921 0.788614965
0.517269056 0.440198998 0.600819239 0.736609148 0.434019366
0.088600430 0.220611953 0.717022727 0.635663114 0.998347511
0.933113331 0.642565200 0.595423540 0.668027509 0.785651618
0.118336191 0.409904890 0.839802286 0.859606504 0.571872271
0.587769361 0.184476253 0.817068593 0.939264208 0.026196709
0.024191764 0.831697044 0.727630459 0.809306272 0.298725574
0.940679245 0.259296759 0.429656813 0.671127272 0.841933567
0.186101418 0.802643310 0.807314124 0.482968872 0.133479972
0.080601514 0.727939307 0.569912115 0.603864978 0.729508229
0.765512899 0.158908168 0.940120061 0.135354082 0.751375086
0.656955156 0.956614621 0.068958016 0.852001795 0.282187075
0.261705684 0.246978799 0.764185479 0.803381225 0.271949726
0.759398262 0.449739842 0.776710557 0.855278890 0.487571194
0.033613600 0.062653203 0.794712578 0.808513076 0.532420682
0.411095603 0.347343326 0.609183220 0.021823397 0.663789686
0.963394434 0.560168183 0.936822462 0.788708402 0.418793319
0.260157791 0.730820965 0.981297090 0.256530062 0.654174601
0.198097633 0.565330255 0.856987246 0.964820314 0.608527273
0.349506372 0.114095785 0.737108875 0.788572541 0.250966661
0.850616058 0.561222788 0.648673283 0.787008758 0.860139693
0.722814303 0.067668362 0.929911916 0.761338266 0.081725346
0.458300642 0.484696287 0.920489243 0.747707501 0.849975371
0.669022337 0.462295561 0.411765542 0.650973467 0.545431869
0.062273106 0.512502649 0.633710350 0.459239878 0.051956578
0.786278199 0.201363782 0.893039064 0.164706353 0.330215065
0.756751506 0.519385860 0.873844217 0.877830078 0.879581855
0.870578425 0.238796211 0.751239344 0.504818559 0.772012476
0.027167421 0.065204591 0.774356860 0.909220206 0.538701798
0.497812508 0.105473700 0.922021597 0.914323229 0.380420008
0.775611851 0.964476654 0.203766459 0.591726000 0.287137958
0.792854419 0.577593366 0.871767423 0.744880435 0.395970473
0.915090068 0.533028867 0.959980916 0.576592723 0.793261350
0.316761677 0.857179257 0.588403601 0.780705894 0.983521473
0.140711528 0.202015668 0.684224839 0.593989710 0.654292552
0.152104283 0.440323418 0.686437327 0.443144305 0.882416368
0.803603535 0.505206774 0.698609251 0.515896952 0.984110319
0.667919999 0.634671273 0.968863284 0.566666227 0.427489688
0.162233406 0.012607520 0.737254643 0.884773575 0.719353622
0.890258053 0.079406585 0.658849998 0.551944849 0.858177053
0.819063514 0.540793755 0.869549525 0.525531652 0.471167899
0.821636898 0.459265197 0.731100987 0.521725351 0.828249252
0.335208047 0.173761593 0.603979162 0.919517421 0.100637479
0.239874113 0.141971990 0.621380865 0.854697822 0.748826337
0.651147585 0.620928567 0.646582633 0.841447553 0.471287167
0.979104938 0.634142138 0.126264742 0.808652876 0.325104015
0.686327197 0.069641148 0.174881437 0.805780782 0.227179557
0.837041125 0.279276088 0.618548315 0.694150574 0.512654753
0.305310677 0.212644376 0.901906901 0.303946401 0.653162791
0.938304818 0.871204482 0.766064777 0.928744865 0.664984903
0.260286858 0.907195031 0.804083073 0.877129327 0.110989469
0.447055544 0.460358271 0.863990324 0.546648220 0.380400549
0.976800329 0.110720593 0.723304054 0.890812741 0.739904121
0.918076552 0.280037330 0.858341677 0.292218230 0.910770162
0.753961904 0.804906777 0.596236714 0.942636995 0.726670992
0.304751095 0.829394665 0.947990924 0.927720682 0.112580390
0.703685977 0.540698477 0.599939886 0.241893828 0.012404036
0.468767965 0.301265261 0.598357484 0.820282529 0.299919112
0.743193199 0.048142836 0.670003838 0.816171181 0.667804683
0.593221570 0.892302498 0.875417269 0.929415742 0.239510170
0.794578279 0.034670267 0.676150507 0.747197884 0.855696094
0.521445689 0.063640909 0.810628865 0.598978508 0.114932997
0.093857285 0.909626819 0.669200263 0.829286799 0.878978900
0.571772352 0.517446352 0.765216948 0.968812240 0.434595961
0.773879656 0.601923431 0.671035614 0.903145724 0.607089579
0.631307553 0.591697162 0.672196171 0.988454002 0.512363778
0.104224803 0.384511328 0.664404123 0.652224260 0.950531053
0.600651067 0.743593916 0.506266059 0.634104031 0.070932216
0.254391581 0.361853093 0.902357487 0.882889303 0.140024098
0.276814308 0.971532691 0.331347007 0.915747969 0.196097713
0.610780071 0.280683216 0.551296563 0.829414195 0.005505799
0.007664033 0.219068809 0.946896476 0.932171867 0.338860649
0.802585680 0.572048643 0.869222335 0.293488823 0.931753719
0.397015041 0.087092767 0.754276082 0.793025362 0.345223143
0.507411939 0.874222525 0.881290191 0.814206904 0.992816839
0.131489120 0.274731526 0.394576076 0.928932509 0.411021075
0.907611003 0.714032644 0.597163629 0.888530214 0.823790384
0.955060511 0.821198283 0.873906154 0.636401370 0.051135381
0.257607220 0.059524700 0.928933497 0.686589913 0.114487638
0.383838883 0.456236509 0.568745568 0.729254298 0.418947790
0.751178048 0.071007665 0.632263256 0.945408025 0.941725712
0.668572647 0.678669957 0.850084489 0.793595206 0.010131184
0.636096046 0.913286948 0.958239920 0.706201411 0.723973055
0.120558416 0.902453307 0.687761803 0.533967473 0.142137124
0.011706611 0.422034260 0.295040708 0.728515914 0.577199887
0.043739072 0.123003295 0.608320293 0.828250549 0.729173488
0.652291649 0.845604363 0.799595807 0.792650327 0.672966622
0.275381174 0.306313499 0.788985160 0.889647850 0.798380341
0.822422374 0.857562338 0.927219412 0.868997393 0.318866818
0.582198747 0.371172423 0.635067786 0.705585863 0.688405018
0.374552887 0.166860202 0.957729649 0.831244578 0.890097035
0.345877461 0.154459747 0.854248704 0.901316585 0.636902317
