0.512631694
0.458320695
0.555712475
0.640355206
0.373323864
0.390479402
0.624849231
0.545246256
0.424078370
0.653427412
0.426849796
0.448645544
0.510918371
0.287902795
0.268662552
0.424495622
0.320602367
0.471560313
0.342084462
0.314787329
0.683905263
0.355050580
0.483381911
0.247478759
0.378245150
0.503339487
0.339709550
0.444786359
0.363240564
0.447918325
0.362548453
0.633441885
0.450454574
0.320931915
0.614223221
0.355080164
0.391488071
0.265224046
0.294028095
0.502537301
0.491461416
0.462319370
0.458360972
0.454256290
0.258293285
0.366409719
0.386334533
0.528118138
0.552527308
0.293016352
0.432585755
0.448058552
0.466425736
0.550210421
0.491782525
0.522380323
0.417166218
0.392098078
0.499772774
0.575814151
0.366890636
0.429483931
0.215169746
0.292820633
0.519777373
0.534247979
0.506607049
0.492570710
0.468278595
0.391877147
0.541626428
0.544728960
0.491852435
0.603734168
0.180721163
0.548568481
0.466293941
0.397288821
0.461714837
0.240191016
0.432899331
0.510820128
0.656688272
0.350934714
0.453955929
0.324696386
0.533789789
0.505161980
0.409042183
0.476014927
0.451396832
0.525700173
0.358213571
0.451023591
0.425497005
0.279552061
0.514104182
0.487568098
0.482202741
0.451565986
0.278962862
0.386929698
0.445558428
0.395181268
0.433378838
0.494172752
0.674828931
0.444037341
0.496576736
0.434818787
0.253470854
0.490253937
0.488093798
0.656726876
0.482062299
0.480370789
0.473194412
0.323369149
0.574639124
0.518613858
0.531303973
0.384091153
0.555563236
0.394221700
0.468277317
0.577646644
0.398093764
0.425377668
0.484106507
0.425164861
0.297557360
0.421726251
0.348850614
0.470002751
0.397926095
0.596158334
0.341046787
0.405903924
0.545829014
0.307390039
0.440224478
0.587603791
0.302020339
0.448323334
0.457098020
0.535668589
0.272303541
0.265704165
0.473130949
0.470780059
0.486673694
0.541490817
0.416806303
0.466523260
0.477979470
0.340894916
0.624277988
0.485177939
0.345838281
0.482080247
0.374735710
0.586911109
0.559300721
0.385239890
0.571326476
0.474804932
0.539301502
0.625491104
0.429761332
0.345986474
0.363783483
0.389472525
0.499038633
0.520844456
0.561089814
0.501137403
0.485294690
0.599596678
0.509465945
0.593476367
0.478566248
0.342622246
0.262220602
0.476777851
0.398494473
0.525837406
0.509705770
0.516033429
0.404080745
0.279045729
0.371203363
0.553111930
0.419492092
0.399344492
0.512969895
0.469463253
0.296569725
0.517866083
0.451237400
0.386263747
